0001,0001,00,0001,0001,00000 EXP
0001,0010,00,0001,0010,00000 EXP
0001,0011,00,0001,0011,00000 EXP
0001,0100,00,0001,0100,00000 UNEXP
0001,0101,00,0001,0101,00000 UNEXP
0001,0110,00,0001,0110,00000 UNEXP
0001,0111,00,0001,0111,00000 UNEXP
0001,1000,00,0001,1000,00000 UNEXP
0001,1001,11,0001,1001,00000 EXP
0010,1001,11,0010,1001,00000 EXP
0011,1001,11,0011,1001,00000 EXP
0100,1001,11,0100,1001,00000 UNEXP
0101,1001,11,0101,1001,00000 UNEXP
0110,1001,11,0110,1001,00000 UNEXP
0111,1001,11,0111,1001,00000 UNEXP
1000,1001,11,1000,1001,00000 UNEXP